0 793 216 66 115 9 256 175 304 352 229 57 196 786 285 106 241 248 231 65 193 402 137 193 564 
1 795 216 64 116 9 256 175 304 352 229 57 196 786 285 107 241 248 231 65 193 403 137 193 563 
2 122 271 78 145 796 216 63 114 10 262 174 298 785 285 107 241 353 228 56 199 247 230 67 194 399 134 195 564 
3 122 270 77 144 795 216 62 114 10 258 175 302 353 225 54 203 786 285 106 241 247 232 66 192 398 131 193 567 
4 122 263 78 153 9 260 175 299 794 216 67 115 352 229 56 202 786 287 106 239 247 236 65 188 395 134 194 565 
5 9 262 174 296 791 217 67 115 351 232 56 198 390 137 197 566 247 238 65 186 785 288 106 237 
6 8 254 177 307 791 217 68 115 352 229 57 200 785 287 107 238 391 129 193 578 247 230 65 195 
7 794 218 63 111 786 290 100 237 350 233 58 198 8 264 177 293 246 228 65 197 389 129 189 577 
8 793 217 64 111 349 231 60 198 786 290 102 237 7 267 179 289 247 229 65 197 385 129 192 575 
9 348 231 62 196 793 217 64 112 786 290 102 236 7 265 178 291 246 227 66 198 381 123 196 579 
10 347 229 62 194 789 216 66 113 785 287 104 240 245 230 66 194 6 269 180 286 381 120 198 580 
